{
 "cells": [
  {
   "cell_type": "code",
   "execution_count": 1,
   "metadata": {},
   "outputs": [],
   "source": [
    "import pandas as pd\n",
    "import numpy as np\n",
    "import matplotlib.pyplot as plt\n",
    "import seaborn as sns\n",
    "%matplotlib inline\n",
    "from sklearn import metrics\n",
    "import warnings\n",
    "warnings.filterwarnings('ignore')"
   ]
  },
  {
   "cell_type": "code",
   "execution_count": 2,
   "metadata": {},
   "outputs": [],
   "source": [
    "df = pd.read_excel('/Users/rashidesai/Downloads/Vanderbilt\\ Univ\\ Case\\ Dataset.xlsx')"
   ]
  },
  {
   "cell_type": "code",
   "execution_count": 3,
   "metadata": {},
   "outputs": [
    {
     "data": {
      "text/html": [
       "<div>\n",
       "<style scoped>\n",
       "    .dataframe tbody tr th:only-of-type {\n",
       "        vertical-align: middle;\n",
       "    }\n",
       "\n",
       "    .dataframe tbody tr th {\n",
       "        vertical-align: top;\n",
       "    }\n",
       "\n",
       "    .dataframe thead th {\n",
       "        text-align: right;\n",
       "    }\n",
       "</style>\n",
       "<table border=\"1\" class=\"dataframe\">\n",
       "  <thead>\n",
       "    <tr style=\"text-align: right;\">\n",
       "      <th></th>\n",
       "      <th>SurgDate</th>\n",
       "      <th>DOW</th>\n",
       "      <th>T - 28</th>\n",
       "      <th>T - 21</th>\n",
       "      <th>T - 14</th>\n",
       "      <th>T - 13</th>\n",
       "      <th>T - 12</th>\n",
       "      <th>T - 11</th>\n",
       "      <th>T - 10</th>\n",
       "      <th>T - 9</th>\n",
       "      <th>T - 8</th>\n",
       "      <th>T - 7</th>\n",
       "      <th>T - 6</th>\n",
       "      <th>T - 5</th>\n",
       "      <th>T - 4</th>\n",
       "      <th>T - 3</th>\n",
       "      <th>T - 2</th>\n",
       "      <th>T - 1</th>\n",
       "      <th>Actual</th>\n",
       "    </tr>\n",
       "  </thead>\n",
       "  <tbody>\n",
       "    <tr>\n",
       "      <th>0</th>\n",
       "      <td>2011-10-10</td>\n",
       "      <td>Mon</td>\n",
       "      <td>38</td>\n",
       "      <td>45</td>\n",
       "      <td>60</td>\n",
       "      <td>63</td>\n",
       "      <td>65</td>\n",
       "      <td>70</td>\n",
       "      <td>73</td>\n",
       "      <td>73</td>\n",
       "      <td>73</td>\n",
       "      <td>80</td>\n",
       "      <td>84</td>\n",
       "      <td>89</td>\n",
       "      <td>94</td>\n",
       "      <td>98</td>\n",
       "      <td>100</td>\n",
       "      <td>104</td>\n",
       "      <td>106</td>\n",
       "    </tr>\n",
       "    <tr>\n",
       "      <th>1</th>\n",
       "      <td>2011-10-11</td>\n",
       "      <td>Tue</td>\n",
       "      <td>35</td>\n",
       "      <td>47</td>\n",
       "      <td>65</td>\n",
       "      <td>68</td>\n",
       "      <td>78</td>\n",
       "      <td>82</td>\n",
       "      <td>82</td>\n",
       "      <td>82</td>\n",
       "      <td>86</td>\n",
       "      <td>89</td>\n",
       "      <td>92</td>\n",
       "      <td>95</td>\n",
       "      <td>99</td>\n",
       "      <td>99</td>\n",
       "      <td>99</td>\n",
       "      <td>114</td>\n",
       "      <td>121</td>\n",
       "    </tr>\n",
       "    <tr>\n",
       "      <th>2</th>\n",
       "      <td>2011-10-12</td>\n",
       "      <td>Wed</td>\n",
       "      <td>26</td>\n",
       "      <td>43</td>\n",
       "      <td>54</td>\n",
       "      <td>62</td>\n",
       "      <td>72</td>\n",
       "      <td>72</td>\n",
       "      <td>72</td>\n",
       "      <td>74</td>\n",
       "      <td>87</td>\n",
       "      <td>94</td>\n",
       "      <td>96</td>\n",
       "      <td>101</td>\n",
       "      <td>102</td>\n",
       "      <td>102</td>\n",
       "      <td>106</td>\n",
       "      <td>114</td>\n",
       "      <td>126</td>\n",
       "    </tr>\n",
       "    <tr>\n",
       "      <th>3</th>\n",
       "      <td>2011-10-13</td>\n",
       "      <td>Thu</td>\n",
       "      <td>28</td>\n",
       "      <td>48</td>\n",
       "      <td>65</td>\n",
       "      <td>70</td>\n",
       "      <td>72</td>\n",
       "      <td>72</td>\n",
       "      <td>72</td>\n",
       "      <td>82</td>\n",
       "      <td>87</td>\n",
       "      <td>91</td>\n",
       "      <td>94</td>\n",
       "      <td>94</td>\n",
       "      <td>94</td>\n",
       "      <td>97</td>\n",
       "      <td>98</td>\n",
       "      <td>103</td>\n",
       "      <td>114</td>\n",
       "    </tr>\n",
       "    <tr>\n",
       "      <th>4</th>\n",
       "      <td>2011-10-14</td>\n",
       "      <td>Fri</td>\n",
       "      <td>31</td>\n",
       "      <td>40</td>\n",
       "      <td>50</td>\n",
       "      <td>50</td>\n",
       "      <td>50</td>\n",
       "      <td>54</td>\n",
       "      <td>62</td>\n",
       "      <td>68</td>\n",
       "      <td>71</td>\n",
       "      <td>73</td>\n",
       "      <td>73</td>\n",
       "      <td>73</td>\n",
       "      <td>78</td>\n",
       "      <td>83</td>\n",
       "      <td>87</td>\n",
       "      <td>94</td>\n",
       "      <td>106</td>\n",
       "    </tr>\n",
       "  </tbody>\n",
       "</table>\n",
       "</div>"
      ],
      "text/plain": [
       "    SurgDate  DOW  T - 28  T - 21  T - 14  T - 13  T - 12  T - 11  T - 10  \\\n",
       "0 2011-10-10  Mon      38      45      60      63      65      70      73   \n",
       "1 2011-10-11  Tue      35      47      65      68      78      82      82   \n",
       "2 2011-10-12  Wed      26      43      54      62      72      72      72   \n",
       "3 2011-10-13  Thu      28      48      65      70      72      72      72   \n",
       "4 2011-10-14  Fri      31      40      50      50      50      54      62   \n",
       "\n",
       "   T - 9  T - 8  T - 7  T - 6  T - 5  T - 4  T - 3  T - 2  T - 1  Actual  \n",
       "0     73     73     80     84     89     94     98    100    104     106  \n",
       "1     82     86     89     92     95     99     99     99    114     121  \n",
       "2     74     87     94     96    101    102    102    106    114     126  \n",
       "3     82     87     91     94     94     94     97     98    103     114  \n",
       "4     68     71     73     73     73     78     83     87     94     106  "
      ]
     },
     "execution_count": 3,
     "metadata": {},
     "output_type": "execute_result"
    }
   ],
   "source": [
    "df.head()"
   ]
  },
  {
   "cell_type": "code",
   "execution_count": 4,
   "metadata": {},
   "outputs": [
    {
     "data": {
      "text/plain": [
       "(241, 19)"
      ]
     },
     "execution_count": 4,
     "metadata": {},
     "output_type": "execute_result"
    }
   ],
   "source": [
    "df.shape"
   ]
  },
  {
   "cell_type": "markdown",
   "metadata": {},
   "source": [
    "## Exploratory Data Analysis"
   ]
  },
  {
   "cell_type": "code",
   "execution_count": 5,
   "metadata": {},
   "outputs": [
    {
     "data": {
      "text/html": [
       "<div>\n",
       "<style scoped>\n",
       "    .dataframe tbody tr th:only-of-type {\n",
       "        vertical-align: middle;\n",
       "    }\n",
       "\n",
       "    .dataframe tbody tr th {\n",
       "        vertical-align: top;\n",
       "    }\n",
       "\n",
       "    .dataframe thead th {\n",
       "        text-align: right;\n",
       "    }\n",
       "</style>\n",
       "<table border=\"1\" class=\"dataframe\">\n",
       "  <thead>\n",
       "    <tr style=\"text-align: right;\">\n",
       "      <th></th>\n",
       "      <th>T - 28</th>\n",
       "      <th>T - 21</th>\n",
       "      <th>T - 14</th>\n",
       "      <th>T - 13</th>\n",
       "      <th>T - 12</th>\n",
       "      <th>T - 11</th>\n",
       "      <th>T - 10</th>\n",
       "      <th>T - 9</th>\n",
       "      <th>T - 8</th>\n",
       "      <th>T - 7</th>\n",
       "      <th>T - 6</th>\n",
       "      <th>T - 5</th>\n",
       "      <th>T - 4</th>\n",
       "      <th>T - 3</th>\n",
       "      <th>T - 2</th>\n",
       "      <th>T - 1</th>\n",
       "      <th>Actual</th>\n",
       "    </tr>\n",
       "  </thead>\n",
       "  <tbody>\n",
       "    <tr>\n",
       "      <th>count</th>\n",
       "      <td>241.000000</td>\n",
       "      <td>241.000000</td>\n",
       "      <td>241.000000</td>\n",
       "      <td>241.000000</td>\n",
       "      <td>241.000000</td>\n",
       "      <td>241.000000</td>\n",
       "      <td>241.000000</td>\n",
       "      <td>241.000000</td>\n",
       "      <td>241.000000</td>\n",
       "      <td>241.000000</td>\n",
       "      <td>241.000000</td>\n",
       "      <td>241.000000</td>\n",
       "      <td>241.000000</td>\n",
       "      <td>241.000000</td>\n",
       "      <td>241.000000</td>\n",
       "      <td>241.000000</td>\n",
       "      <td>241.000000</td>\n",
       "    </tr>\n",
       "    <tr>\n",
       "      <th>mean</th>\n",
       "      <td>34.261411</td>\n",
       "      <td>47.240664</td>\n",
       "      <td>64.439834</td>\n",
       "      <td>67.817427</td>\n",
       "      <td>70.502075</td>\n",
       "      <td>72.365145</td>\n",
       "      <td>74.946058</td>\n",
       "      <td>78.041494</td>\n",
       "      <td>82.336100</td>\n",
       "      <td>86.000000</td>\n",
       "      <td>89.269710</td>\n",
       "      <td>92.091286</td>\n",
       "      <td>94.688797</td>\n",
       "      <td>97.373444</td>\n",
       "      <td>101.165975</td>\n",
       "      <td>110.008299</td>\n",
       "      <td>116.381743</td>\n",
       "    </tr>\n",
       "    <tr>\n",
       "      <th>std</th>\n",
       "      <td>9.387610</td>\n",
       "      <td>11.321079</td>\n",
       "      <td>13.495891</td>\n",
       "      <td>14.200934</td>\n",
       "      <td>14.873109</td>\n",
       "      <td>14.970786</td>\n",
       "      <td>15.096674</td>\n",
       "      <td>15.054842</td>\n",
       "      <td>15.594841</td>\n",
       "      <td>16.089075</td>\n",
       "      <td>16.911962</td>\n",
       "      <td>17.370472</td>\n",
       "      <td>17.468264</td>\n",
       "      <td>17.589816</td>\n",
       "      <td>17.547004</td>\n",
       "      <td>17.785057</td>\n",
       "      <td>17.629388</td>\n",
       "    </tr>\n",
       "    <tr>\n",
       "      <th>min</th>\n",
       "      <td>0.000000</td>\n",
       "      <td>0.000000</td>\n",
       "      <td>0.000000</td>\n",
       "      <td>0.000000</td>\n",
       "      <td>0.000000</td>\n",
       "      <td>0.000000</td>\n",
       "      <td>0.000000</td>\n",
       "      <td>0.000000</td>\n",
       "      <td>0.000000</td>\n",
       "      <td>0.000000</td>\n",
       "      <td>0.000000</td>\n",
       "      <td>0.000000</td>\n",
       "      <td>0.000000</td>\n",
       "      <td>0.000000</td>\n",
       "      <td>0.000000</td>\n",
       "      <td>3.000000</td>\n",
       "      <td>11.000000</td>\n",
       "    </tr>\n",
       "    <tr>\n",
       "      <th>25%</th>\n",
       "      <td>28.000000</td>\n",
       "      <td>41.000000</td>\n",
       "      <td>58.000000</td>\n",
       "      <td>62.000000</td>\n",
       "      <td>64.000000</td>\n",
       "      <td>66.000000</td>\n",
       "      <td>68.000000</td>\n",
       "      <td>71.000000</td>\n",
       "      <td>76.000000</td>\n",
       "      <td>80.000000</td>\n",
       "      <td>82.000000</td>\n",
       "      <td>84.000000</td>\n",
       "      <td>88.000000</td>\n",
       "      <td>91.000000</td>\n",
       "      <td>95.000000</td>\n",
       "      <td>102.000000</td>\n",
       "      <td>110.000000</td>\n",
       "    </tr>\n",
       "    <tr>\n",
       "      <th>50%</th>\n",
       "      <td>35.000000</td>\n",
       "      <td>48.000000</td>\n",
       "      <td>65.000000</td>\n",
       "      <td>69.000000</td>\n",
       "      <td>72.000000</td>\n",
       "      <td>74.000000</td>\n",
       "      <td>77.000000</td>\n",
       "      <td>79.000000</td>\n",
       "      <td>85.000000</td>\n",
       "      <td>87.000000</td>\n",
       "      <td>91.000000</td>\n",
       "      <td>94.000000</td>\n",
       "      <td>97.000000</td>\n",
       "      <td>100.000000</td>\n",
       "      <td>103.000000</td>\n",
       "      <td>112.000000</td>\n",
       "      <td>117.000000</td>\n",
       "    </tr>\n",
       "    <tr>\n",
       "      <th>75%</th>\n",
       "      <td>40.000000</td>\n",
       "      <td>55.000000</td>\n",
       "      <td>73.000000</td>\n",
       "      <td>76.000000</td>\n",
       "      <td>80.000000</td>\n",
       "      <td>82.000000</td>\n",
       "      <td>84.000000</td>\n",
       "      <td>86.000000</td>\n",
       "      <td>92.000000</td>\n",
       "      <td>95.000000</td>\n",
       "      <td>99.000000</td>\n",
       "      <td>103.000000</td>\n",
       "      <td>106.000000</td>\n",
       "      <td>107.000000</td>\n",
       "      <td>111.000000</td>\n",
       "      <td>119.000000</td>\n",
       "      <td>126.000000</td>\n",
       "    </tr>\n",
       "    <tr>\n",
       "      <th>max</th>\n",
       "      <td>57.000000</td>\n",
       "      <td>73.000000</td>\n",
       "      <td>93.000000</td>\n",
       "      <td>99.000000</td>\n",
       "      <td>102.000000</td>\n",
       "      <td>106.000000</td>\n",
       "      <td>106.000000</td>\n",
       "      <td>112.000000</td>\n",
       "      <td>113.000000</td>\n",
       "      <td>118.000000</td>\n",
       "      <td>121.000000</td>\n",
       "      <td>121.000000</td>\n",
       "      <td>124.000000</td>\n",
       "      <td>127.000000</td>\n",
       "      <td>131.000000</td>\n",
       "      <td>139.000000</td>\n",
       "      <td>145.000000</td>\n",
       "    </tr>\n",
       "  </tbody>\n",
       "</table>\n",
       "</div>"
      ],
      "text/plain": [
       "           T - 28      T - 21      T - 14      T - 13      T - 12      T - 11  \\\n",
       "count  241.000000  241.000000  241.000000  241.000000  241.000000  241.000000   \n",
       "mean    34.261411   47.240664   64.439834   67.817427   70.502075   72.365145   \n",
       "std      9.387610   11.321079   13.495891   14.200934   14.873109   14.970786   \n",
       "min      0.000000    0.000000    0.000000    0.000000    0.000000    0.000000   \n",
       "25%     28.000000   41.000000   58.000000   62.000000   64.000000   66.000000   \n",
       "50%     35.000000   48.000000   65.000000   69.000000   72.000000   74.000000   \n",
       "75%     40.000000   55.000000   73.000000   76.000000   80.000000   82.000000   \n",
       "max     57.000000   73.000000   93.000000   99.000000  102.000000  106.000000   \n",
       "\n",
       "           T - 10       T - 9       T - 8       T - 7       T - 6       T - 5  \\\n",
       "count  241.000000  241.000000  241.000000  241.000000  241.000000  241.000000   \n",
       "mean    74.946058   78.041494   82.336100   86.000000   89.269710   92.091286   \n",
       "std     15.096674   15.054842   15.594841   16.089075   16.911962   17.370472   \n",
       "min      0.000000    0.000000    0.000000    0.000000    0.000000    0.000000   \n",
       "25%     68.000000   71.000000   76.000000   80.000000   82.000000   84.000000   \n",
       "50%     77.000000   79.000000   85.000000   87.000000   91.000000   94.000000   \n",
       "75%     84.000000   86.000000   92.000000   95.000000   99.000000  103.000000   \n",
       "max    106.000000  112.000000  113.000000  118.000000  121.000000  121.000000   \n",
       "\n",
       "            T - 4       T - 3       T - 2       T - 1      Actual  \n",
       "count  241.000000  241.000000  241.000000  241.000000  241.000000  \n",
       "mean    94.688797   97.373444  101.165975  110.008299  116.381743  \n",
       "std     17.468264   17.589816   17.547004   17.785057   17.629388  \n",
       "min      0.000000    0.000000    0.000000    3.000000   11.000000  \n",
       "25%     88.000000   91.000000   95.000000  102.000000  110.000000  \n",
       "50%     97.000000  100.000000  103.000000  112.000000  117.000000  \n",
       "75%    106.000000  107.000000  111.000000  119.000000  126.000000  \n",
       "max    124.000000  127.000000  131.000000  139.000000  145.000000  "
      ]
     },
     "execution_count": 5,
     "metadata": {},
     "output_type": "execute_result"
    }
   ],
   "source": [
    "df.describe()"
   ]
  },
  {
   "cell_type": "code",
   "execution_count": 6,
   "metadata": {},
   "outputs": [
    {
     "data": {
      "text/html": [
       "<div>\n",
       "<style scoped>\n",
       "    .dataframe tbody tr th:only-of-type {\n",
       "        vertical-align: middle;\n",
       "    }\n",
       "\n",
       "    .dataframe tbody tr th {\n",
       "        vertical-align: top;\n",
       "    }\n",
       "\n",
       "    .dataframe thead th {\n",
       "        text-align: right;\n",
       "    }\n",
       "</style>\n",
       "<table border=\"1\" class=\"dataframe\">\n",
       "  <thead>\n",
       "    <tr style=\"text-align: right;\">\n",
       "      <th></th>\n",
       "      <th>T - 28</th>\n",
       "      <th>T - 21</th>\n",
       "      <th>T - 14</th>\n",
       "      <th>T - 13</th>\n",
       "      <th>T - 12</th>\n",
       "      <th>T - 11</th>\n",
       "      <th>T - 10</th>\n",
       "      <th>T - 9</th>\n",
       "      <th>T - 8</th>\n",
       "      <th>T - 7</th>\n",
       "      <th>T - 6</th>\n",
       "      <th>T - 5</th>\n",
       "      <th>T - 4</th>\n",
       "      <th>T - 3</th>\n",
       "      <th>T - 2</th>\n",
       "      <th>T - 1</th>\n",
       "      <th>Actual</th>\n",
       "    </tr>\n",
       "  </thead>\n",
       "  <tbody>\n",
       "    <tr>\n",
       "      <th>T - 28</th>\n",
       "      <td>1.000000</td>\n",
       "      <td>0.894700</td>\n",
       "      <td>0.766981</td>\n",
       "      <td>0.761258</td>\n",
       "      <td>0.764272</td>\n",
       "      <td>0.769680</td>\n",
       "      <td>0.744281</td>\n",
       "      <td>0.718607</td>\n",
       "      <td>0.697891</td>\n",
       "      <td>0.669865</td>\n",
       "      <td>0.669421</td>\n",
       "      <td>0.679711</td>\n",
       "      <td>0.685468</td>\n",
       "      <td>0.686128</td>\n",
       "      <td>0.655022</td>\n",
       "      <td>0.629432</td>\n",
       "      <td>0.608290</td>\n",
       "    </tr>\n",
       "    <tr>\n",
       "      <th>T - 21</th>\n",
       "      <td>0.894700</td>\n",
       "      <td>1.000000</td>\n",
       "      <td>0.871427</td>\n",
       "      <td>0.862506</td>\n",
       "      <td>0.849120</td>\n",
       "      <td>0.839669</td>\n",
       "      <td>0.821875</td>\n",
       "      <td>0.807351</td>\n",
       "      <td>0.794639</td>\n",
       "      <td>0.769279</td>\n",
       "      <td>0.771311</td>\n",
       "      <td>0.766765</td>\n",
       "      <td>0.766230</td>\n",
       "      <td>0.763745</td>\n",
       "      <td>0.742956</td>\n",
       "      <td>0.718364</td>\n",
       "      <td>0.702459</td>\n",
       "    </tr>\n",
       "    <tr>\n",
       "      <th>T - 14</th>\n",
       "      <td>0.766981</td>\n",
       "      <td>0.871427</td>\n",
       "      <td>1.000000</td>\n",
       "      <td>0.975593</td>\n",
       "      <td>0.940374</td>\n",
       "      <td>0.918844</td>\n",
       "      <td>0.913420</td>\n",
       "      <td>0.924774</td>\n",
       "      <td>0.919929</td>\n",
       "      <td>0.900452</td>\n",
       "      <td>0.890108</td>\n",
       "      <td>0.863536</td>\n",
       "      <td>0.846024</td>\n",
       "      <td>0.845696</td>\n",
       "      <td>0.848112</td>\n",
       "      <td>0.821478</td>\n",
       "      <td>0.800877</td>\n",
       "    </tr>\n",
       "    <tr>\n",
       "      <th>T - 13</th>\n",
       "      <td>0.761258</td>\n",
       "      <td>0.862506</td>\n",
       "      <td>0.975593</td>\n",
       "      <td>1.000000</td>\n",
       "      <td>0.977337</td>\n",
       "      <td>0.955026</td>\n",
       "      <td>0.941554</td>\n",
       "      <td>0.940412</td>\n",
       "      <td>0.931122</td>\n",
       "      <td>0.914450</td>\n",
       "      <td>0.911955</td>\n",
       "      <td>0.895554</td>\n",
       "      <td>0.878267</td>\n",
       "      <td>0.870565</td>\n",
       "      <td>0.862705</td>\n",
       "      <td>0.835040</td>\n",
       "      <td>0.812730</td>\n",
       "    </tr>\n",
       "    <tr>\n",
       "      <th>T - 12</th>\n",
       "      <td>0.764272</td>\n",
       "      <td>0.849120</td>\n",
       "      <td>0.940374</td>\n",
       "      <td>0.977337</td>\n",
       "      <td>1.000000</td>\n",
       "      <td>0.986618</td>\n",
       "      <td>0.962074</td>\n",
       "      <td>0.941533</td>\n",
       "      <td>0.922158</td>\n",
       "      <td>0.904064</td>\n",
       "      <td>0.912807</td>\n",
       "      <td>0.919413</td>\n",
       "      <td>0.910958</td>\n",
       "      <td>0.893899</td>\n",
       "      <td>0.876955</td>\n",
       "      <td>0.847387</td>\n",
       "      <td>0.818714</td>\n",
       "    </tr>\n",
       "    <tr>\n",
       "      <th>T - 11</th>\n",
       "      <td>0.769680</td>\n",
       "      <td>0.839669</td>\n",
       "      <td>0.918844</td>\n",
       "      <td>0.955026</td>\n",
       "      <td>0.986618</td>\n",
       "      <td>1.000000</td>\n",
       "      <td>0.979289</td>\n",
       "      <td>0.947764</td>\n",
       "      <td>0.918142</td>\n",
       "      <td>0.896470</td>\n",
       "      <td>0.906488</td>\n",
       "      <td>0.920257</td>\n",
       "      <td>0.923938</td>\n",
       "      <td>0.908863</td>\n",
       "      <td>0.885674</td>\n",
       "      <td>0.851878</td>\n",
       "      <td>0.819855</td>\n",
       "    </tr>\n",
       "    <tr>\n",
       "      <th>T - 10</th>\n",
       "      <td>0.744281</td>\n",
       "      <td>0.821875</td>\n",
       "      <td>0.913420</td>\n",
       "      <td>0.941554</td>\n",
       "      <td>0.962074</td>\n",
       "      <td>0.979289</td>\n",
       "      <td>1.000000</td>\n",
       "      <td>0.973322</td>\n",
       "      <td>0.935192</td>\n",
       "      <td>0.912204</td>\n",
       "      <td>0.918598</td>\n",
       "      <td>0.922247</td>\n",
       "      <td>0.927982</td>\n",
       "      <td>0.926197</td>\n",
       "      <td>0.907966</td>\n",
       "      <td>0.871200</td>\n",
       "      <td>0.842193</td>\n",
       "    </tr>\n",
       "    <tr>\n",
       "      <th>T - 9</th>\n",
       "      <td>0.718607</td>\n",
       "      <td>0.807351</td>\n",
       "      <td>0.924774</td>\n",
       "      <td>0.940412</td>\n",
       "      <td>0.941533</td>\n",
       "      <td>0.947764</td>\n",
       "      <td>0.973322</td>\n",
       "      <td>1.000000</td>\n",
       "      <td>0.971532</td>\n",
       "      <td>0.955061</td>\n",
       "      <td>0.945678</td>\n",
       "      <td>0.933364</td>\n",
       "      <td>0.925826</td>\n",
       "      <td>0.924528</td>\n",
       "      <td>0.922874</td>\n",
       "      <td>0.895139</td>\n",
       "      <td>0.872890</td>\n",
       "    </tr>\n",
       "    <tr>\n",
       "      <th>T - 8</th>\n",
       "      <td>0.697891</td>\n",
       "      <td>0.794639</td>\n",
       "      <td>0.919929</td>\n",
       "      <td>0.931122</td>\n",
       "      <td>0.922158</td>\n",
       "      <td>0.918142</td>\n",
       "      <td>0.935192</td>\n",
       "      <td>0.971532</td>\n",
       "      <td>1.000000</td>\n",
       "      <td>0.984829</td>\n",
       "      <td>0.969236</td>\n",
       "      <td>0.948335</td>\n",
       "      <td>0.930065</td>\n",
       "      <td>0.920350</td>\n",
       "      <td>0.927708</td>\n",
       "      <td>0.909233</td>\n",
       "      <td>0.887675</td>\n",
       "    </tr>\n",
       "    <tr>\n",
       "      <th>T - 7</th>\n",
       "      <td>0.669865</td>\n",
       "      <td>0.769279</td>\n",
       "      <td>0.900452</td>\n",
       "      <td>0.914450</td>\n",
       "      <td>0.904064</td>\n",
       "      <td>0.896470</td>\n",
       "      <td>0.912204</td>\n",
       "      <td>0.955061</td>\n",
       "      <td>0.984829</td>\n",
       "      <td>1.000000</td>\n",
       "      <td>0.984542</td>\n",
       "      <td>0.960000</td>\n",
       "      <td>0.938392</td>\n",
       "      <td>0.925503</td>\n",
       "      <td>0.934284</td>\n",
       "      <td>0.918124</td>\n",
       "      <td>0.895779</td>\n",
       "    </tr>\n",
       "    <tr>\n",
       "      <th>T - 6</th>\n",
       "      <td>0.669421</td>\n",
       "      <td>0.771311</td>\n",
       "      <td>0.890108</td>\n",
       "      <td>0.911955</td>\n",
       "      <td>0.912807</td>\n",
       "      <td>0.906488</td>\n",
       "      <td>0.918598</td>\n",
       "      <td>0.945678</td>\n",
       "      <td>0.969236</td>\n",
       "      <td>0.984542</td>\n",
       "      <td>1.000000</td>\n",
       "      <td>0.983981</td>\n",
       "      <td>0.963228</td>\n",
       "      <td>0.946564</td>\n",
       "      <td>0.950649</td>\n",
       "      <td>0.927954</td>\n",
       "      <td>0.898900</td>\n",
       "    </tr>\n",
       "    <tr>\n",
       "      <th>T - 5</th>\n",
       "      <td>0.679711</td>\n",
       "      <td>0.766765</td>\n",
       "      <td>0.863536</td>\n",
       "      <td>0.895554</td>\n",
       "      <td>0.919413</td>\n",
       "      <td>0.920257</td>\n",
       "      <td>0.922247</td>\n",
       "      <td>0.933364</td>\n",
       "      <td>0.948335</td>\n",
       "      <td>0.960000</td>\n",
       "      <td>0.983981</td>\n",
       "      <td>1.000000</td>\n",
       "      <td>0.984911</td>\n",
       "      <td>0.964317</td>\n",
       "      <td>0.959692</td>\n",
       "      <td>0.937331</td>\n",
       "      <td>0.902827</td>\n",
       "    </tr>\n",
       "    <tr>\n",
       "      <th>T - 4</th>\n",
       "      <td>0.685468</td>\n",
       "      <td>0.766230</td>\n",
       "      <td>0.846024</td>\n",
       "      <td>0.878267</td>\n",
       "      <td>0.910958</td>\n",
       "      <td>0.923938</td>\n",
       "      <td>0.927982</td>\n",
       "      <td>0.925826</td>\n",
       "      <td>0.930065</td>\n",
       "      <td>0.938392</td>\n",
       "      <td>0.963228</td>\n",
       "      <td>0.984911</td>\n",
       "      <td>1.000000</td>\n",
       "      <td>0.984158</td>\n",
       "      <td>0.968785</td>\n",
       "      <td>0.943132</td>\n",
       "      <td>0.906040</td>\n",
       "    </tr>\n",
       "    <tr>\n",
       "      <th>T - 3</th>\n",
       "      <td>0.686128</td>\n",
       "      <td>0.763745</td>\n",
       "      <td>0.845696</td>\n",
       "      <td>0.870565</td>\n",
       "      <td>0.893899</td>\n",
       "      <td>0.908863</td>\n",
       "      <td>0.926197</td>\n",
       "      <td>0.924528</td>\n",
       "      <td>0.920350</td>\n",
       "      <td>0.925503</td>\n",
       "      <td>0.946564</td>\n",
       "      <td>0.964317</td>\n",
       "      <td>0.984158</td>\n",
       "      <td>1.000000</td>\n",
       "      <td>0.983117</td>\n",
       "      <td>0.950928</td>\n",
       "      <td>0.913242</td>\n",
       "    </tr>\n",
       "    <tr>\n",
       "      <th>T - 2</th>\n",
       "      <td>0.655022</td>\n",
       "      <td>0.742956</td>\n",
       "      <td>0.848112</td>\n",
       "      <td>0.862705</td>\n",
       "      <td>0.876955</td>\n",
       "      <td>0.885674</td>\n",
       "      <td>0.907966</td>\n",
       "      <td>0.922874</td>\n",
       "      <td>0.927708</td>\n",
       "      <td>0.934284</td>\n",
       "      <td>0.950649</td>\n",
       "      <td>0.959692</td>\n",
       "      <td>0.968785</td>\n",
       "      <td>0.983117</td>\n",
       "      <td>1.000000</td>\n",
       "      <td>0.970063</td>\n",
       "      <td>0.936430</td>\n",
       "    </tr>\n",
       "    <tr>\n",
       "      <th>T - 1</th>\n",
       "      <td>0.629432</td>\n",
       "      <td>0.718364</td>\n",
       "      <td>0.821478</td>\n",
       "      <td>0.835040</td>\n",
       "      <td>0.847387</td>\n",
       "      <td>0.851878</td>\n",
       "      <td>0.871200</td>\n",
       "      <td>0.895139</td>\n",
       "      <td>0.909233</td>\n",
       "      <td>0.918124</td>\n",
       "      <td>0.927954</td>\n",
       "      <td>0.937331</td>\n",
       "      <td>0.943132</td>\n",
       "      <td>0.950928</td>\n",
       "      <td>0.970063</td>\n",
       "      <td>1.000000</td>\n",
       "      <td>0.964727</td>\n",
       "    </tr>\n",
       "    <tr>\n",
       "      <th>Actual</th>\n",
       "      <td>0.608290</td>\n",
       "      <td>0.702459</td>\n",
       "      <td>0.800877</td>\n",
       "      <td>0.812730</td>\n",
       "      <td>0.818714</td>\n",
       "      <td>0.819855</td>\n",
       "      <td>0.842193</td>\n",
       "      <td>0.872890</td>\n",
       "      <td>0.887675</td>\n",
       "      <td>0.895779</td>\n",
       "      <td>0.898900</td>\n",
       "      <td>0.902827</td>\n",
       "      <td>0.906040</td>\n",
       "      <td>0.913242</td>\n",
       "      <td>0.936430</td>\n",
       "      <td>0.964727</td>\n",
       "      <td>1.000000</td>\n",
       "    </tr>\n",
       "  </tbody>\n",
       "</table>\n",
       "</div>"
      ],
      "text/plain": [
       "          T - 28    T - 21    T - 14    T - 13    T - 12    T - 11    T - 10  \\\n",
       "T - 28  1.000000  0.894700  0.766981  0.761258  0.764272  0.769680  0.744281   \n",
       "T - 21  0.894700  1.000000  0.871427  0.862506  0.849120  0.839669  0.821875   \n",
       "T - 14  0.766981  0.871427  1.000000  0.975593  0.940374  0.918844  0.913420   \n",
       "T - 13  0.761258  0.862506  0.975593  1.000000  0.977337  0.955026  0.941554   \n",
       "T - 12  0.764272  0.849120  0.940374  0.977337  1.000000  0.986618  0.962074   \n",
       "T - 11  0.769680  0.839669  0.918844  0.955026  0.986618  1.000000  0.979289   \n",
       "T - 10  0.744281  0.821875  0.913420  0.941554  0.962074  0.979289  1.000000   \n",
       "T - 9   0.718607  0.807351  0.924774  0.940412  0.941533  0.947764  0.973322   \n",
       "T - 8   0.697891  0.794639  0.919929  0.931122  0.922158  0.918142  0.935192   \n",
       "T - 7   0.669865  0.769279  0.900452  0.914450  0.904064  0.896470  0.912204   \n",
       "T - 6   0.669421  0.771311  0.890108  0.911955  0.912807  0.906488  0.918598   \n",
       "T - 5   0.679711  0.766765  0.863536  0.895554  0.919413  0.920257  0.922247   \n",
       "T - 4   0.685468  0.766230  0.846024  0.878267  0.910958  0.923938  0.927982   \n",
       "T - 3   0.686128  0.763745  0.845696  0.870565  0.893899  0.908863  0.926197   \n",
       "T - 2   0.655022  0.742956  0.848112  0.862705  0.876955  0.885674  0.907966   \n",
       "T - 1   0.629432  0.718364  0.821478  0.835040  0.847387  0.851878  0.871200   \n",
       "Actual  0.608290  0.702459  0.800877  0.812730  0.818714  0.819855  0.842193   \n",
       "\n",
       "           T - 9     T - 8     T - 7     T - 6     T - 5     T - 4     T - 3  \\\n",
       "T - 28  0.718607  0.697891  0.669865  0.669421  0.679711  0.685468  0.686128   \n",
       "T - 21  0.807351  0.794639  0.769279  0.771311  0.766765  0.766230  0.763745   \n",
       "T - 14  0.924774  0.919929  0.900452  0.890108  0.863536  0.846024  0.845696   \n",
       "T - 13  0.940412  0.931122  0.914450  0.911955  0.895554  0.878267  0.870565   \n",
       "T - 12  0.941533  0.922158  0.904064  0.912807  0.919413  0.910958  0.893899   \n",
       "T - 11  0.947764  0.918142  0.896470  0.906488  0.920257  0.923938  0.908863   \n",
       "T - 10  0.973322  0.935192  0.912204  0.918598  0.922247  0.927982  0.926197   \n",
       "T - 9   1.000000  0.971532  0.955061  0.945678  0.933364  0.925826  0.924528   \n",
       "T - 8   0.971532  1.000000  0.984829  0.969236  0.948335  0.930065  0.920350   \n",
       "T - 7   0.955061  0.984829  1.000000  0.984542  0.960000  0.938392  0.925503   \n",
       "T - 6   0.945678  0.969236  0.984542  1.000000  0.983981  0.963228  0.946564   \n",
       "T - 5   0.933364  0.948335  0.960000  0.983981  1.000000  0.984911  0.964317   \n",
       "T - 4   0.925826  0.930065  0.938392  0.963228  0.984911  1.000000  0.984158   \n",
       "T - 3   0.924528  0.920350  0.925503  0.946564  0.964317  0.984158  1.000000   \n",
       "T - 2   0.922874  0.927708  0.934284  0.950649  0.959692  0.968785  0.983117   \n",
       "T - 1   0.895139  0.909233  0.918124  0.927954  0.937331  0.943132  0.950928   \n",
       "Actual  0.872890  0.887675  0.895779  0.898900  0.902827  0.906040  0.913242   \n",
       "\n",
       "           T - 2     T - 1    Actual  \n",
       "T - 28  0.655022  0.629432  0.608290  \n",
       "T - 21  0.742956  0.718364  0.702459  \n",
       "T - 14  0.848112  0.821478  0.800877  \n",
       "T - 13  0.862705  0.835040  0.812730  \n",
       "T - 12  0.876955  0.847387  0.818714  \n",
       "T - 11  0.885674  0.851878  0.819855  \n",
       "T - 10  0.907966  0.871200  0.842193  \n",
       "T - 9   0.922874  0.895139  0.872890  \n",
       "T - 8   0.927708  0.909233  0.887675  \n",
       "T - 7   0.934284  0.918124  0.895779  \n",
       "T - 6   0.950649  0.927954  0.898900  \n",
       "T - 5   0.959692  0.937331  0.902827  \n",
       "T - 4   0.968785  0.943132  0.906040  \n",
       "T - 3   0.983117  0.950928  0.913242  \n",
       "T - 2   1.000000  0.970063  0.936430  \n",
       "T - 1   0.970063  1.000000  0.964727  \n",
       "Actual  0.936430  0.964727  1.000000  "
      ]
     },
     "execution_count": 6,
     "metadata": {},
     "output_type": "execute_result"
    }
   ],
   "source": [
    "df.corr()"
   ]
  },
  {
   "cell_type": "code",
   "execution_count": 7,
   "metadata": {},
   "outputs": [],
   "source": [
    "# Corr(T-1,Actual)=0.964 \n",
    "# Corr(T-3,Actual)=0.913\n",
    "# Corr(T-7,Actual)=0.896\n",
    "# Corr(T-14,Actual)=0.801\n",
    "# Corr(T-21,Actual)=0.702\n",
    "# Corr(T-28,Actual)=0.608\n",
    "\n",
    "# Average number of surgery cases increases  as we move closer to actual day\n",
    "# As the gap from surgery day increase, the correlation decreases\n",
    "# From the correlation matrix, almost all the correlations are significantly high."
   ]
  },
  {
   "cell_type": "code",
   "execution_count": 8,
   "metadata": {},
   "outputs": [
    {
     "data": {
      "text/plain": [
       "(DOW\n",
       " Fri    105.612245\n",
       " Mon    116.255319\n",
       " Thu    124.083333\n",
       " Tue    119.081633\n",
       " Wed    117.041667\n",
       " Name: Actual, dtype: float64,\n",
       " DOW\n",
       " Fri    26.357175\n",
       " Mon    18.456138\n",
       " Thu    10.379672\n",
       " Tue    10.864385\n",
       " Wed    11.240047\n",
       " Name: Actual, dtype: float64)"
      ]
     },
     "execution_count": 8,
     "metadata": {},
     "output_type": "execute_result"
    }
   ],
   "source": [
    "df.groupby('DOW')['Actual'].mean(), df.groupby('DOW')['Actual'].std()"
   ]
  },
  {
   "cell_type": "code",
   "execution_count": 9,
   "metadata": {},
   "outputs": [],
   "source": [
    "# Average of actual surgery is 116 with standard deviation of 17.63"
   ]
  },
  {
   "cell_type": "code",
   "execution_count": 10,
   "metadata": {},
   "outputs": [
    {
     "data": {
      "text/plain": [
       "(DOW\n",
       " Fri     97.428571\n",
       " Mon    110.787234\n",
       " Thu    117.583333\n",
       " Tue    114.020408\n",
       " Wed    110.416667\n",
       " Name: T - 1, dtype: float64,\n",
       " DOW\n",
       " Fri    25.922159\n",
       " Mon    18.863279\n",
       " Thu    10.394011\n",
       " Tue    10.296621\n",
       " Wed    11.100764\n",
       " Name: T - 1, dtype: float64)"
      ]
     },
     "execution_count": 10,
     "metadata": {},
     "output_type": "execute_result"
    }
   ],
   "source": [
    "# Validating for T - 1\n",
    "df.groupby('DOW')['T - 1'].mean(), df.groupby('DOW')['T - 1'].std()"
   ]
  },
  {
   "cell_type": "code",
   "execution_count": 56,
   "metadata": {},
   "outputs": [
    {
     "data": {
      "text/plain": [
       "Fri    49\n",
       "Tue    49\n",
       "Wed    48\n",
       "Thu    48\n",
       "Mon    47\n",
       "Name: DOW, dtype: int64"
      ]
     },
     "execution_count": 56,
     "metadata": {},
     "output_type": "execute_result"
    }
   ],
   "source": [
    "df['DOW'].value_counts()"
   ]
  },
  {
   "cell_type": "code",
   "execution_count": 11,
   "metadata": {
    "scrolled": true
   },
   "outputs": [
    {
     "data": {
